



<!DOCTYPE html>
<html lang="en">
  
  <head>
    
      <meta charset="utf-8">
      <title>Bokeh Plot</title>
      
      
        
          
        
        
          
        <script type="text/javascript" src="https://cdn.pydata.org/bokeh/release/bokeh-1.4.0.min.js"></script>
        <script type="text/javascript" src="https://cdn.pydata.org/bokeh/release/bokeh-widgets-1.4.0.min.js"></script>
        <script type="text/javascript">
            Bokeh.set_log_level("info");
        </script>
        
      
      
    
  </head>
  
  
  <body>
    
      
        
          
          
            
              <div class="bk-root" id="3ecae90d-90c6-48e6-8400-64cffc90dcb5" data-root-id="1038"></div>
            
          
        
      
      
        <script type="application/json" id="1127">
          {"c38a5c77-d1b0-4474-a1bb-6d30ff0246ea":{"roots":{"references":[{"attributes":{"callback":null,"data":{"dh":[50],"dw":[50],"hi":[6.283185307179586],"image":[[[0.0,0.009719690100761307,0.02018224945538071,0.031407822225506386,0.04340910136907203,0.056189280802433336,0.06973976889488664,0.08403769947386242,0.09904330401278191,0.11469724226957108,0.1309180274326345,0.14759972368287508,0.1646101353131716,0.18178974171580423,0.19895165449095065,0.21588287322112765,0.2323470864161275,0.2480891964346692,0.2628416379825545,0.2763324110042503,0.28829457006224674,0.29847672177768414,0.3066539051851691,0.31263809667688747,0.31628752007130173,0.3175139739808373,0.31628752007130173,0.3126380966768874,0.30665390518516894,0.29847672177768403,0.28829457006224657,0.27633241100425016,0.2628416379825543,0.24808919643466903,0.23234708641612714,0.2158828732211273,0.19895165449095037,0.18178974171580395,0.16461013531317126,0.1475997236828748,0.13091802743263425,0.11469724226957072,0.09904330401278164,0.08403769947386215,0.06973976889488637,0.05618928080243307,0.04340910136907179,0.031407822225506185,0.02018224945538053,0.009719690100761118],[-0.009719690100761307,0.0,0.010524393785150974,0.021883087057752392,0.034098636452417196,0.04718426665053825,0.06114124804831186,0.07595596916060585,0.09159675966777366,0.10801056068950017,0.12511958827666064,0.14281819242472335,0.16097017322280535,0.17940687156976493,0.19792639491292685,0.21629435689371915,0.2342464904198004,0.2514934240370525,0.26772778286064214,0.2826335865726462,0.29589767798298955,0.30722264945223215,0.3163404767813173,0.32302586503445363,0.32710820259521095,0.3284810429612063,0.32710820259521095,0.3230258650344534,0.3163404767813172,0.30722264945223193,0.2958976779829894,0.282633586572646,0.2677277828606419,0.2514934240370522,0.23424649041980014,0.2162943568937188,0.19792639491292655,0.17940687156976462,0.16097017322280507,0.14281819242472307,0.1251195882766603,0.10801056068949991,0.09159675966777339,0.07595596916060558,0.06114124804831157,0.04718426665053801,0.03409863645241696,0.021883087057752174,0.010524393785150785,-1.896683818091012e-16],[-0.02018224945538071,-0.010524393785150974,0.0,0.01143130934464086,0.02380359038186336,0.03714205649478733,0.051460120081750424,0.06675600257481208,0.08300895260863432,0.10017515980150614,0.11818351263649735,0.13693142244311532,0.15628101785271845,0.17605609810330963,0.19604030764232788,0.21597704263185966,0.23557160278406866,0.2544960391617167,0.27239700334761907,0.28890666815834576,0.30365647275748586,0.31629307370725285,0.32649550733874555,0.33399225297604945,0.33857670050225863,0.34011952671379336,0.33857670050225863,0.33399225297604923,0.3264955073387454,0.3162930737072527,0.3036564727574855,0.2889066681583455,0.27239700334761874,0.25449603916171637,0.23557160278406827,0.21597704263185932,0.19604030764232752,0.17605609810330933,0.1562810178527181,0.136931422443115,0.11818351263649707,0.10017515980150583,0.08300895260863402,0.0667560025748118,0.05146012008175017,0.037142056494787086,0.023803590381863134,0.011431309344640652,-1.8781036023585878e-16,-0.010524393785151161],[-0.031407822225506386,-0.021883087057752392,-0.01143130934464086,0.0,0.012458095225613789,0.02598228124446173,0.04060063973814684,0.05632617245113898,0.07315237445541987,0.09104830338698779,0.10995328335392929,0.1297714751020191,0.15036665465876886,0.1715576638602092,0.19311511437920592,0.21476002134047814,0.23616508573592968,0.25695930498952624,0.2767364381801554,0.29506756703585074,0.31151757718889594,0.32566486801191286,0.337123049994187,0.3455629020668732,0.3507325465554721,0.35247375203209097,0.3507325465554721,0.3455629020668731,0.3371230499941869,0.32566486801191274,0.31151757718889567,0.2950675670358503,0.27673643818015503,0.2569593049895259,0.2361650857359294,0.2147600213404777,0.1931151143792056,0.17155766386020885,0.1503666546587685,0.12977147510201872,0.10995328335392891,0.09104830338698744,0.07315237445541956,0.056326172451138676,0.040600639738146566,0.025982281244461475,0.012458095225613561,-2.13631461590037e-16,-0.01143130934464105,-0.021883087057752576],[-0.04340910136907203,-0.034098636452417196,-0.02380359038186336,-0.012458095225613789,0.0,0.013626282053669976,0.028466231949650932,0.04455092625253763,0.06189195263007849,0.08047556716239891,0.10025620365836813,0.12114955824465412,0.14302561597604174,0.16570215450449963,0.1889394385715147,0.2124369827052182,0.23583337035212584,0.25871012819276135,0.2806005140831328,0.30100374505441285,0.31940465396456424,0.3352980501638803,0.34821625759625213,0.3577575534713028,0.36361270332395407,0.36558664407568636,0.36361270332395407,0.35775755347130256,0.34821625759625197,0.33529805016388,0.31940465396456397,0.3010037450544126,0.28060051408313236,0.25871012819276096,0.23583337035212543,0.21243698270521783,0.18893943857151432,0.16570215450449938,0.1430256159760414,0.12114955824465379,0.10025620365836775,0.08047556716239859,0.06189195263007816,0.04455092625253734,0.02846623194965066,0.013626282053669718,-2.269029483133421e-16,-0.012458095225614,-0.02380359038186354,-0.03409863645241737],[-0.056189280802433336,-0.04718426665053825,-0.03714205649478733,-0.02598228124446173,-0.013626282053669976,0.0,0.014962298817951572,0.03131334785608421,0.049087167208998805,0.06829227991132251,0.08890391271463462,0.11085536779281226,0.13402893067183894,0.15824690463181254,0.1832636201548353,0.20875953077686737,0.23433872512356804,0.2595312903704731,0.28380187367009535,0.30656542835286016,0.32721045518032976,0.34512907300828,0.3597520849395234,0.37058604783797633,0.3772484741292482,0.37949696492505763,0.3772484741292482,0.37058604783797605,0.3597520849395231,0.34512907300827966,0.32721045518032943,0.3065654283528598,0.28380187367009496,0.2595312903704728,0.2343387251235675,0.20875953077686693,0.1832636201548348,0.1582469046318121,0.13402893067183852,0.11085536779281184,0.08890391271463424,0.06829227991132217,0.049087167208998465,0.03131334785608391,0.014962298817951292,-2.6110858743746845e-16,-0.013626282053670204,-0.025982281244461936,-0.037142056494787516,-0.047184266650538424],[-0.06973976889488664,-0.06114124804831186,-0.051460120081750424,-0.04060063973814684,-0.028466231949650932,-0.014962298817951572,0.0,0.016498813738745573,0.034595348407469674,0.05432617454137604,0.07569405954829896,0.09865743232921378,0.12311880018263967,0.14891272630723934,0.1757943340109249,0.20342970270881341,0.23138990211524366,0.25915068050282136,0.28609985562114926,0.3115541177219745,0.3347861375763808,0.3550615575545154,0.37168374937409726,0.38404243319946024,0.39166079109889773,0.3942350299269308,0.39166079109889773,0.3840424331994602,0.3716837493740972,0.3550615575545151,0.3347861375763805,0.3115541177219741,0.2860998556211487,0.25915068050282086,0.23138990211524324,0.20342970270881297,0.17579433401092437,0.14891272630723884,0.12311880018263924,0.09865743232921338,0.07569405954829853,0.05432617454137568,0.034595348407469334,0.01649881373874528,-2.7918693006748534e-16,-0.014962298817951828,-0.028466231949651158,-0.040600639738147044,-0.05146012008175059,-0.061141248048312],[-0.08403769947386242,-0.07595596916060585,-0.06675600257481208,-0.05632617245113898,-0.04455092625253763,-0.03131334785608421,-0.016498813738745573,0.0,0.01827649575764219,0.03840167626283727,0.060413639679775435,0.08430501915310028,0.11000857420862953,0.13738149269236244,0.1661894355942209,0.19609193371629352,0.22663136177555773,0.2572282510610837,0.2871859732531658,0.31570761057207025,0.3419269088989279,0.36495348196680305,0.3839299967297618,0.39809630852611344,0.40685308532986736,0.4098161381705756,0.40685308532986736,0.39809630852611333,0.3839299967297617,0.3649534819668025,0.3419269088989275,0.31570761057206964,0.28718597325316525,0.25722825106108316,0.2266313617755572,0.19609193371629305,0.16618943559422036,0.13738149269236194,0.11000857420862913,0.08430501915309986,0.060413639679775026,0.038401676262836894,0.018276495757641842,-2.9858051368537865e-16,-0.016498813738745857,-0.03131334785608446,-0.04455092625253784,-0.056326172451139175,-0.06675600257481223,-0.075955969160606],[-0.09904330401278191,-0.09159675966777366,-0.08300895260863432,-0.07315237445541987,-0.06189195263007849,-0.049087167208998805,-0.034595348407469674,-0.01827649575764219,0.0,0.020346338074735622,0.042844634266802906,0.06753235368459413,0.0943848487394713,0.12329540202652756,0.15405376841138807,0.186325003724149,0.2196313064483304,0.25334054284440544,0.2866658229844313,0.31868059005714106,0.3483527856312074,0.3745994693712368,0.39635981112847163,0.4126801216380538,0.4228005497645865,0.4262305668822584,0.4228005497645865,0.41268012163805357,0.3963598111284715,0.3745994693712363,0.3483527856312068,0.31868059005714044,0.28666582298443066,0.2533405428444048,0.21963130644832984,0.1863250037241485,0.15405376841138751,0.12329540202652697,0.0943848487394708,0.06753235368459369,0.042844634266802496,0.020346338074735248,-3.511027750918168e-16,-0.018276495757642487,-0.034595348407469945,-0.04908716720899904,-0.06189195263007869,-0.07315237445542007,-0.08300895260863447,-0.0915967596677738],[-0.11469724226957108,-0.10801056068950017,-0.10017515980150614,-0.09104830338698779,-0.08047556716239891,-0.06829227991132251,-0.05432617454137604,-0.03840167626283727,-0.020346338074735622,0.0,0.02277272877376365,0.04806612737445543,0.0759128256018365,0.10625915017901617,0.13893713121698437,0.17363497662976476,0.20986917428900057,0.24696291847991084,0.28403696029247627,0.32001972249347854,0.3536829181323077,0.3837063338890653,0.40877063517688544,0.42767054236077023,0.4394340145536142,0.44342839568786024,0.4394340145536142,0.4276705423607701,0.40877063517688494,0.38370633388906455,0.35368291813230696,0.3200197224934781,0.2840369602924756,0.2469629184799102,0.20986917428899995,0.1736349766297641,0.1389371312169837,0.1062591501790156,0.075912825601836,0.04806612737445498,0.022772728773763216,-3.7859231310699384e-16,-0.020346338074735976,-0.03840167626283756,-0.054326174541376296,-0.06829227991132272,-0.08047556716239915,-0.09104830338698797,-0.10017515980150628,-0.10801056068950032],[-0.1309180274326345,-0.12511958827666064,-0.11818351263649735,-0.10995328335392929,-0.10025620365836813,-0.08890391271463462,-0.07569405954829896,-0.060413639679775435,-0.042844634266802906,-0.02277272877376365,0.0,0.02563750068991267,0.05424644811763738,0.08584676782534746,0.12033626450497104,0.1574508844155835,0.19672397509525033,0.23745024660222716,0.2786626395757259,0.31913223910731064,0.3574016332622669,0.3918594512306072,0.4208573879196721,0.442861170464817,0.45661577712048257,0.46129655089739363,0.4566157771204825,0.44286117046481693,0.42085738791967164,0.3918594512306069,0.35740163326226615,0.3191322391073099,0.27866263957572507,0.2374502466022265,0.19672397509524966,0.15745088441558286,0.12033626450497045,0.08584676782534688,0.054246448117636833,0.025637500689912204,-4.306945645548658e-16,-0.022772728773764028,-0.042844634266803246,-0.06041363967977571,-0.0756940595482992,-0.08890391271463485,-0.10025620365836829,-0.10995328335392943,-0.11818351263649748,-0.12511958827666073],[-0.14759972368287508,-0.14281819242472335,-0.13693142244311532,-0.1297714751020191,-0.12114955824465412,-0.11085536779281226,-0.09865743232921378,-0.08430501915310028,-0.06753235368459413,-0.04806612737445543,-0.02563750068991267,0.0,0.029045226040295333,0.06161552292946028,0.09770361367929527,0.13712601350836487,0.17946605038516714,0.22401790314135606,0.269742162004277,0.31524737626427923,0.3588142075912397,0.3984768820901331,0.43216856239515816,0.4579226316591401,0.47410344932867016,0.47962416639244987,0.47410344932867016,0.45792263165913966,0.43216856239515755,0.3984768820901323,0.35881420759123916,0.31524737626427846,0.26974216200427614,0.2240179031413552,0.17946605038516633,0.13712601350836423,0.09770361367929459,0.06161552292945968,0.0290452260402948,-4.663612008766997e-16,-0.025637500689913086,-0.04806612737445582,-0.06753235368459445,-0.08430501915310054,-0.09865743232921402,-0.11085536779281244,-0.12114955824465433,-0.12977147510201925,-0.13693142244311543,-0.1428181924247235],[-0.1646101353131716,-0.16097017322280535,-0.15628101785271845,-0.15036665465876886,-0.14302561597604174,-0.13402893067183894,-0.12311880018263967,-0.11000857420862953,-0.0943848487394713,-0.0759128256018365,-0.05424644811763738,-0.029045226040295333,0.0,0.03312999120155193,0.0704667582940978,0.11194920997062456,0.15725671863539745,0.20572692566187886,0.25628031459526956,0.30737122352169005,0.3569907615405368,0.40274771044662616,0.4420445248987084,0.4723445172387447,0.49149608443932047,0.49805050599444506,0.4914960844393204,0.4723445172387443,0.4420445248987077,0.40274771044662533,0.35699076154053594,0.30737122352168933,0.25628031459526873,0.20572692566187806,0.15725671863539656,0.11194920997062378,0.0704667582940971,0.0331299912015513,-5.374463928451319e-16,-0.0290452260402958,-0.054246448117637784,-0.07591282560183689,-0.0943848487394716,-0.11000857420862976,-0.12311880018263989,-0.13402893067183916,-0.1430256159760419,-0.15036665465876897,-0.1562810178527186,-0.1609701732228055],[-0.18178974171580423,-0.17940687156976493,-0.17605609810330963,-0.1715576638602092,-0.16570215450449963,-0.15824690463181254,-0.14891272630723934,-0.13738149269236244,-0.12329540202652756,-0.10625915017901617,-0.08584676782534746,-0.06161552292946028,-0.03312999120155193,0.0,0.0380636623848922,0.0811726553775488,0.12916303425127024,0.18148040993223863,0.23706165920364702,0.29423823909233005,0.3506982852860296,0.4035513296636739,0.44953215526295165,0.48535174717028895,0.5081544976612874,0.5159872052222005,0.5081544976612872,0.4853517471702886,0.4495321552629508,0.403551329663673,0.35069828528602864,0.29423823909232905,0.2370616592036461,0.18148040993223766,0.12916303425126938,0.08117265537754803,0.03806366238489145,-6.250264212866533e-16,-0.03312999120155245,-0.06161552292946074,-0.08584676782534785,-0.1062591501790165,-0.12329540202652779,-0.13738149269236266,-0.1489127263072395,-0.15824690463181265,-0.16570215450449985,-0.17155766386020932,-0.17605609810330966,-0.17940687156976495],[-0.19895165449095065,-0.19792639491292685,-0.19604030764232788,-0.19311511437920592,-0.1889394385715147,-0.1832636201548353,-0.1757943340109249,-0.1661894355942209,-0.15405376841138807,-0.13893713121698437,-0.12033626450497104,-0.09770361367929527,-0.0704667582940978,-0.0380636623848922,0.0,0.0440649026866435,0.09419863891999826,0.1500432646761941,0.21064117904542323,0.27426823704531433,0.3383251116468286,0.39935672500875635,0.4532701373427867,0.49578638411580356,0.5230851261877909,0.5325037021446668,0.5230851261877906,0.495786384115803,0.4532701373427857,0.3993567250087553,0.33832511164682755,0.2742682370453133,0.21064117904542215,0.15004326467619306,0.09419863891999732,0.04406490268664268,-7.341956641980378e-16,-0.0380636623848928,-0.0704667582940983,-0.09770361367929567,-0.12033626450497141,-0.13893713121698467,-0.15405376841138832,-0.1661894355942211,-0.17579433401092512,-0.18326362015483538,-0.18893943857151482,-0.19311511437920603,-0.19604030764232797,-0.19792639491292688],[-0.21588287322112765,-0.21629435689371915,-0.21597704263185966,-0.21476002134047814,-0.2124369827052182,-0.20875953077686737,-0.20342970270881341,-0.19609193371629352,-0.186325003724149,-0.17363497662976476,-0.1574508844155835,-0.13712601350836487,-0.11194920997062456,-0.0811726553775488,-0.0440649026866435,0.0,0.05140610556604777,0.11010452491105349,0.17537214195964115,0.24554804630193122,0.31781178468961785,0.3881079494308293,0.45134298379945387,0.5019465853385872,0.53477539855119,0.5461626678808252,0.5347753985511898,0.5019465853385864,0.451342983799453,0.388107949430828,0.31781178468961635,0.24554804630192995,0.1753721419596399,0.1101045249110524,0.051406105566046766,-8.384002233840292e-16,-0.04406490268664422,-0.0811726553775494,-0.11194920997062507,-0.1371260135083653,-0.15745088441558383,-0.173634976629765,-0.18632500372414926,-0.1960919337162937,-0.20342970270881353,-0.20875953077686749,-0.2124369827052183,-0.2147600213404781,-0.21597704263185968,-0.21629435689371906],[-0.2323470864161275,-0.2342464904198004,-0.23557160278406866,-0.23616508573592968,-0.23583337035212584,-0.23433872512356804,-0.23138990211524366,-0.22663136177555773,-0.2196313064483304,-0.20986917428900057,-0.19672397509525033,-0.17946605038516714,-0.15725671863539745,-0.12916303425127024,-0.09419863891999826,-0.05140610556604777,0.0,0.0604099752464468,0.12950575352651048,0.2058748762526357,0.2866215970469811,0.36711942413274207,0.44111482678333247,0.5013822155159113,0.5409726514075452,0.5547949693063723,0.5409726514075447,0.5013822155159103,0.4411148267833312,0.36711942413274073,0.2866215970469795,0.2058748762526343,0.12950575352650923,0.06040997524644566,-1.0041780184111815e-15,-0.05140610556604859,-0.09419863891999898,-0.12916303425127085,-0.15725671863539786,-0.17946605038516747,-0.19672397509525072,-0.2098691742890008,-0.21963130644833065,-0.22663136177555782,-0.2313899021152437,-0.23433872512356804,-0.23583337035212576,-0.23616508573592973,-0.23557160278406872,-0.23424649041980045],[-0.2480891964346692,-0.2514934240370525,-0.2544960391617167,-0.25695930498952624,-0.25871012819276135,-0.2595312903704731,-0.25915068050282136,-0.2572282510610837,-0.25334054284440544,-0.24696291847991084,-0.23745024660222716,-0.22401790314135606,-0.20572692566187886,-0.18148040993223863,-0.1500432646761941,-0.11010452491105349,-0.0604099752464468,0.0,0.07141399044159902,0.15292554700663122,0.24181893216538544,0.3330418464858493,0.419087534471019,0.4906732802104788,0.5384191324213748,0.5552218188276249,0.5384191324213741,0.4906732802104776,0.41908753447101765,0.3330418464858479,0.2418189321653838,0.15292554700662975,0.07141399044159766,-1.1590552297423044e-15,-0.060409975246447804,-0.11010452491105426,-0.15004326467619472,-0.18148040993223907,-0.20572692566187925,-0.22401790314135614,-0.23745024660222738,-0.24696291847991106,-0.2533405428444055,-0.2572282510610836,-0.2591506805028214,-0.2595312903704732,-0.2587101281927614,-0.25695930498952624,-0.25449603916171665,-0.2514934240370524],[-0.2628416379825545,-0.26772778286064214,-0.27239700334761907,-0.2767364381801554,-0.2806005140831328,-0.28380187367009535,-0.28609985562114926,-0.2871859732531658,-0.2866658229844313,-0.28403696029247627,-0.2786626395757259,-0.269742162004277,-0.25628031459526956,-0.23706165920364702,-0.21064117904542323,-0.17537214195964115,-0.12950575352651048,-0.07141399044159902,0.0,0.08464894547671231,0.18037790409974153,0.28202906936357747,0.38090185471094673,0.46528672334504634,0.5226175379234234,0.5429902863931582,0.5226175379234227,0.465286723345045,0.3809018547109451,0.2820290693635757,0.18037790409973978,0.08464894547671076,-1.3742283824511547e-15,-0.07141399044160014,-0.12950575352651142,-0.17537214195964182,-0.21064117904542382,-0.23706165920364738,-0.25628031459526984,-0.26974216200427714,-0.278662639575726,-0.2840369602924764,-0.2866658229844312,-0.2871859732531657,-0.2860998556211491,-0.2838018736700954,-0.28060051408313286,-0.27673643818015536,-0.272397003347619,-0.26772778286064214],[-0.2763324110042503,-0.2826335865726462,-0.28890666815834576,-0.29506756703585074,-0.30100374505441285,-0.30656542835286016,-0.3115541177219745,-0.31570761057207025,-0.31868059005714106,-0.32001972249347854,-0.31913223910731064,-0.31524737626427923,-0.30737122352169005,-0.29423823909233005,-0.27426823704531433,-0.24554804630193122,-0.2058748762526357,-0.15292554700663122,-0.08464894547671231,0.0,0.09990755805866702,0.21034433808085073,0.3217398145209106,0.41975880342253746,0.48785219413020847,0.5123367624835511,0.4878521941302073,0.41975880342253585,0.3217398145209086,0.2103443380808488,0.09990755805866516,-1.6295923816912532e-15,-0.08464894547671367,-0.1529255470066323,-0.20587487625263645,-0.24554804630193183,-0.2742682370453148,-0.2942382390923304,-0.3073712235216902,-0.31524737626427934,-0.31913223910731076,-0.3200197224934786,-0.318680590057141,-0.31570761057207,-0.3115541177219745,-0.30656542835286,-0.30100374505441285,-0.2950675670358506,-0.28890666815834554,-0.2826335865726461],[-0.28829457006224674,-0.29589767798298955,-0.30365647275748586,-0.31151757718889594,-0.31940465396456424,-0.32721045518032976,-0.3347861375763808,-0.3419269088989279,-0.3483527856312074,-0.3536829181323077,-0.3574016332622669,-0.3588142075912397,-0.3569907615405368,-0.3506982852860296,-0.3383251116468286,-0.31781178468961785,-0.2866215970469811,-0.24181893216538544,-0.18037790409974153,-0.09990755805866702,0.0,0.11575352206420879,0.23758731944673478,0.3487166148497384,0.4279885190481603,0.45689815241092796,0.4279885190481592,0.3487166148497366,0.2375873194467325,0.11575352206420665,-1.913697337700316e-15,-0.0999075580586686,-0.18037790409974275,-0.24181893216538644,-0.2866215970469817,-0.3178117846896182,-0.3383251116468289,-0.35069828528602975,-0.3569907615405369,-0.3588142075912398,-0.35740163326226676,-0.35368291813230746,-0.3483527856312073,-0.34192690889892785,-0.3347861375763806,-0.3272104551803296,-0.31940465396456413,-0.3115175771888957,-0.3036564727574857,-0.2958976779829894],[-0.29847672177768414,-0.30722264945223215,-0.31629307370725285,-0.32566486801191286,-0.3352980501638803,-0.34512907300828,-0.3550615575545154,-0.36495348196680305,-0.3745994693712368,-0.3837063338890653,-0.3918594512306072,-0.3984768820901331,-0.40274771044662616,-0.4035513296636739,-0.39935672500875635,-0.3881079494308293,-0.36711942413274207,-0.3330418464858493,-0.28202906936357747,-0.21034433808085073,-0.11575352206420879,0.0,0.12793148267506008,0.24953838304779968,0.3389745510963398,0.3721301932153632,0.3389745510963387,0.24953838304779768,0.12793148267505777,-2.181282170858965e-15,-0.11575352206421063,-0.21034433808085223,-0.2820290693635786,-0.3330418464858501,-0.3671194241327425,-0.38810794943082966,-0.3993567250087563,-0.4035513296636739,-0.402747710446626,-0.3984768820901329,-0.3918594512306071,-0.38370633388906494,-0.37459946937123667,-0.36495348196680283,-0.3550615575545152,-0.3451290730082798,-0.33529805016388003,-0.32566486801191274,-0.3162930737072526,-0.307222649452232],[-0.3066539051851691,-0.3163404767813173,-0.32649550733874555,-0.337123049994187,-0.34821625759625213,-0.3597520849395234,-0.37168374937409726,-0.3839299967297618,-0.39635981112847163,-0.40877063517688544,-0.4208573879196721,-0.43216856239515816,-0.4420445248987084,-0.44953215526295165,-0.4532701373427867,-0.45134298379945387,-0.44111482678333247,-0.419087534471019,-0.38090185471094673,-0.3217398145209106,-0.23758731944673478,-0.12793148267506008,0.0,0.12721810767393113,0.22395346299275964,0.26046456271500174,0.22395346299275837,0.12721810767392902,-2.3554419204363047e-15,-0.1279314826750622,-0.2375873194467363,-0.3217398145209119,-0.38090185471094756,-0.41908753447101943,-0.4411148267833328,-0.451342983799454,-0.4532701373427866,-0.4495321552629516,-0.44204452489870816,-0.43216856239515794,-0.4208573879196718,-0.4087706351768852,-0.3963598111284716,-0.38392999672976175,-0.37168374937409726,-0.3597520849395231,-0.348216257596252,-0.33712304999418674,-0.32649550733874544,-0.31634047678131705],[-0.31263809667688747,-0.32302586503445363,-0.33399225297604945,-0.3455629020668732,-0.3577575534713028,-0.37058604783797633,-0.38404243319946024,-0.39809630852611344,-0.4126801216380538,-0.42767054236077023,-0.442861170464817,-0.4579226316591401,-0.4723445172387447,-0.48535174717028895,-0.49578638411580356,-0.5019465853385872,-0.5013822155159113,-0.4906732802104788,-0.46528672334504634,-0.41975880342253746,-0.3487166148497384,-0.24953838304779968,-0.12721810767393113,0.0,0.09995644737842584,0.1383526320433899,0.0999564473784245,-2.131362309197965e-15,-0.1272181076739334,-0.24953838304780174,-0.3487166148497398,-0.41975880342253863,-0.46528672334504706,-0.49067328021047907,-0.5013822155159114,-0.5019465853385873,-0.4957863841158034,-0.4853517471702887,-0.47234451723874443,-0.45792263165913977,-0.442861170464817,-0.42767054236076985,-0.4126801216380535,-0.39809630852611333,-0.3840424331994599,-0.370586047837976,-0.3577575534713025,-0.345562902066873,-0.33399225297604923,-0.32302586503445346],[-0.31628752007130173,-0.32710820259521095,-0.33857670050225863,-0.3507325465554721,-0.36361270332395407,-0.3772484741292482,-0.39166079109889773,-0.40685308532986736,-0.4228005497645865,-0.4394340145536142,-0.45661577712048257,-0.47410344932867016,-0.49149608443932047,-0.5081544976612874,-0.5230851261877909,-0.53477539855119,-0.5409726514075452,-0.5384191324213748,-0.5226175379234234,-0.48785219413020847,-0.4279885190481603,-0.3389745510963398,-0.22395346299275964,-0.09995644737842584,0.0,0.03892428553621897,-1.3223204573881846e-15,-0.09995644737842796,-0.22395346299276184,-0.3389745510963416,-0.4279885190481616,-0.48785219413020925,-0.5226175379234236,-0.5384191324213748,-0.5409726514075452,-0.5347753985511897,-0.5230851261877907,-0.5081544976612868,-0.49149608443932025,-0.4741034493286699,-0.45661577712048246,-0.4394340145536139,-0.42280054976458614,-0.40685308532986725,-0.3916607910988976,-0.3772484741292479,-0.3636127033239539,-0.3507325465554721,-0.3385767005022585,-0.32710820259521073],[-0.3175139739808373,-0.3284810429612063,-0.34011952671379336,-0.35247375203209097,-0.36558664407568636,-0.37949696492505763,-0.3942350299269308,-0.4098161381705756,-0.4262305668822584,-0.44342839568786024,-0.46129655089739363,-0.47962416639244987,-0.49805050599444506,-0.5159872052222005,-0.5325037021446668,-0.5461626678808252,-0.5547949693063723,-0.5552218188276249,-0.5429902863931582,-0.5123367624835511,-0.45689815241092796,-0.3721301932153632,-0.26046456271500174,-0.1383526320433899,-0.03892428553621897,0.0,-0.03892428553622028,-0.13835263204339204,-0.2604645627150039,-0.3721301932153648,-0.456898152410929,-0.5123367624835518,-0.5429902863931584,-0.555221818827625,-0.554794969306372,-0.546162667880825,-0.5325037021446665,-0.5159872052222003,-0.49805050599444467,-0.4796241663924495,-0.46129655089739313,-0.44342839568786,-0.4262305668822581,-0.4098161381705753,-0.39423502992693044,-0.37949696492505736,-0.3655866440756861,-0.35247375203209086,-0.34011952671379314,-0.32848104296120617],[-0.31628752007130173,-0.32710820259521095,-0.33857670050225863,-0.3507325465554721,-0.36361270332395407,-0.3772484741292482,-0.39166079109889773,-0.40685308532986736,-0.4228005497645865,-0.4394340145536142,-0.4566157771204825,-0.47410344932867016,-0.4914960844393204,-0.5081544976612872,-0.5230851261877906,-0.5347753985511898,-0.5409726514075447,-0.5384191324213741,-0.5226175379234227,-0.4878521941302073,-0.4279885190481592,-0.3389745510963387,-0.22395346299275837,-0.0999564473784245,1.3223204573881846e-15,0.03892428553622028,0.0,-0.09995644737842659,-0.22395346299276067,-0.33897455109634056,-0.4279885190481605,-0.4878521941302084,-0.5226175379234229,-0.5384191324213743,-0.5409726514075447,-0.5347753985511895,-0.5230851261877902,-0.5081544976612868,-0.4914960844393201,-0.47410344932866977,-0.4566157771204821,-0.4394340145536139,-0.42280054976458614,-0.40685308532986725,-0.3916607910988976,-0.3772484741292479,-0.3636127033239539,-0.3507325465554721,-0.3385767005022585,-0.32710820259521073],[-0.3126380966768874,-0.3230258650344534,-0.33399225297604923,-0.3455629020668731,-0.35775755347130256,-0.37058604783797605,-0.3840424331994602,-0.39809630852611333,-0.41268012163805357,-0.4276705423607701,-0.44286117046481693,-0.45792263165913966,-0.4723445172387443,-0.4853517471702886,-0.495786384115803,-0.5019465853385864,-0.5013822155159103,-0.4906732802104776,-0.465286723345045,-0.41975880342253585,-0.3487166148497366,-0.24953838304779768,-0.12721810767392902,2.131362309197965e-15,0.09995644737842796,0.13835263204339204,0.09995644737842659,0.0,-0.12721810767393138,-0.24953838304779966,-0.34871661484973815,-0.4197588034225369,-0.46528672334504584,-0.4906732802104779,-0.5013822155159106,-0.5019465853385864,-0.49578638411580284,-0.4853517471702883,-0.47234451723874404,-0.4579226316591395,-0.44286117046481654,-0.42767054236076973,-0.4126801216380533,-0.39809630852611294,-0.3840424331994599,-0.37058604783797583,-0.35775755347130245,-0.3455629020668729,-0.3339922529760492,-0.3230258650344533],[-0.30665390518516894,-0.3163404767813172,-0.3264955073387454,-0.3371230499941869,-0.34821625759625197,-0.3597520849395231,-0.3716837493740972,-0.3839299967297617,-0.3963598111284715,-0.40877063517688494,-0.42085738791967164,-0.43216856239515755,-0.4420445248987077,-0.4495321552629508,-0.4532701373427857,-0.451342983799453,-0.4411148267833312,-0.41908753447101765,-0.3809018547109451,-0.3217398145209086,-0.2375873194467325,-0.12793148267505777,2.3554419204363047e-15,0.1272181076739334,0.22395346299276184,0.2604645627150039,0.22395346299276067,0.12721810767393138,0.0,-0.1279314826750599,-0.23758731944673428,-0.32173981452090994,-0.380901854710946,-0.419087534471018,-0.4411148267833315,-0.4513429837994529,-0.45327013734278576,-0.4495321552629507,-0.44204452489870755,-0.43216856239515733,-0.4208573879196713,-0.40877063517688483,-0.3963598111284712,-0.38392999672976136,-0.3716837493740969,-0.3597520849395229,-0.34821625759625185,-0.3371230499941866,-0.32649550733874516,-0.316340476781317],[-0.29847672177768403,-0.30722264945223193,-0.3162930737072527,-0.32566486801191274,-0.33529805016388,-0.34512907300827966,-0.3550615575545151,-0.3649534819668025,-0.3745994693712363,-0.38370633388906455,-0.3918594512306069,-0.3984768820901323,-0.40274771044662533,-0.403551329663673,-0.3993567250087553,-0.388107949430828,-0.36711942413274073,-0.3330418464858479,-0.2820290693635757,-0.2103443380808488,-0.11575352206420665,2.181282170858965e-15,0.1279314826750622,0.24953838304780174,0.3389745510963416,0.3721301932153648,0.33897455109634056,0.24953838304779966,0.1279314826750599,0.0,-0.11575352206420855,-0.21034433808085018,-0.28202906936357686,-0.3330418464858485,-0.3671194241327412,-0.38810794943082827,-0.39935672500875535,-0.403551329663673,-0.4027477104466252,-0.39847688209013216,-0.3918594512306066,-0.38370633388906444,-0.374599469371236,-0.3649534819668024,-0.3550615575545148,-0.3451290730082795,-0.33529805016387987,-0.3256648680119126,-0.31629307370725246,-0.3072226494522319],[-0.28829457006224657,-0.2958976779829894,-0.3036564727574855,-0.31151757718889567,-0.31940465396456397,-0.32721045518032943,-0.3347861375763805,-0.3419269088989275,-0.3483527856312068,-0.35368291813230696,-0.35740163326226615,-0.35881420759123916,-0.35699076154053594,-0.35069828528602864,-0.33832511164682755,-0.31781178468961635,-0.2866215970469795,-0.2418189321653838,-0.18037790409973978,-0.09990755805866516,1.913697337700316e-15,0.11575352206421063,0.2375873194467363,0.3487166148497398,0.4279885190481616,0.456898152410929,0.4279885190481605,0.34871661484973815,0.23758731944673428,0.11575352206420855,0.0,-0.09990755805866675,-0.18037790409974097,-0.24181893216538472,-0.28662159704698026,-0.3178117846896169,-0.3383251116468279,-0.35069828528602887,-0.35699076154053616,-0.35881420759123894,-0.3574016332622662,-0.353682918132307,-0.3483527856312068,-0.34192690889892746,-0.33478613757638026,-0.3272104551803293,-0.3194046539645639,-0.3115175771888955,-0.3036564727574855,-0.29589767798298916],[-0.27633241100425016,-0.282633586572646,-0.2889066681583455,-0.2950675670358503,-0.3010037450544126,-0.3065654283528598,-0.3115541177219741,-0.31570761057206964,-0.31868059005714044,-0.3200197224934781,-0.3191322391073099,-0.31524737626427846,-0.30737122352168933,-0.29423823909232905,-0.2742682370453133,-0.24554804630192995,-0.2058748762526343,-0.15292554700662975,-0.08464894547671076,1.6295923816912532e-15,0.0999075580586686,0.21034433808085223,0.3217398145209119,0.41975880342253863,0.48785219413020925,0.5123367624835518,0.4878521941302084,0.4197588034225369,0.32173981452090994,0.21034433808085018,0.09990755805866675,0.0,-0.08464894547671212,-0.1529255470066308,-0.20587487625263515,-0.24554804630193064,-0.2742682370453137,-0.29423823909232927,-0.3073712235216895,-0.31524737626427846,-0.31913223910731,-0.32001972249347793,-0.31868059005714033,-0.31570761057206964,-0.31155411772197394,-0.3065654283528597,-0.3010037450544126,-0.2950675670358502,-0.28890666815834537,-0.28263358657264587],[-0.2628416379825543,-0.2677277828606419,-0.27239700334761874,-0.27673643818015503,-0.28060051408313236,-0.28380187367009496,-0.2860998556211487,-0.28718597325316525,-0.28666582298443066,-0.2840369602924756,-0.27866263957572507,-0.26974216200427614,-0.25628031459526873,-0.2370616592036461,-0.21064117904542215,-0.1753721419596399,-0.12950575352650923,-0.07141399044159766,1.3742283824511547e-15,0.08464894547671367,0.18037790409974275,0.2820290693635786,0.38090185471094756,0.46528672334504706,0.5226175379234236,0.5429902863931584,0.5226175379234229,0.46528672334504584,0.380901854710946,0.28202906936357686,0.18037790409974097,0.08464894547671212,0.0,-0.07141399044159877,-0.1295057535265101,-0.17537214195964063,-0.21064117904542268,-0.23706165920364647,-0.256280314595269,-0.26974216200427653,-0.2786626395757253,-0.28403696029247566,-0.28666582298443066,-0.2871859732531653,-0.2860998556211486,-0.28380187367009496,-0.28060051408313236,-0.27673643818015503,-0.27239700334761874,-0.26772778286064175],[-0.24808919643466903,-0.2514934240370522,-0.25449603916171637,-0.2569593049895259,-0.25871012819276096,-0.2595312903704728,-0.25915068050282086,-0.25722825106108316,-0.2533405428444048,-0.2469629184799102,-0.2374502466022265,-0.2240179031413552,-0.20572692566187806,-0.18148040993223766,-0.15004326467619306,-0.1101045249110524,-0.06040997524644566,1.1590552297423044e-15,0.07141399044160014,0.1529255470066323,0.24181893216538644,0.3330418464858501,0.41908753447101943,0.49067328021047907,0.5384191324213748,0.555221818827625,0.5384191324213743,0.4906732802104779,0.419087534471018,0.3330418464858485,0.24181893216538472,0.1529255470066308,0.07141399044159877,0.0,-0.060409975246446666,-0.11010452491105316,-0.15004326467619372,-0.1814804099322381,-0.20572692566187842,-0.22401790314135542,-0.23745024660222666,-0.24696291847991042,-0.2533405428444048,-0.2572282510610831,-0.2591506805028209,-0.25953129037047273,-0.25871012819276096,-0.2569593049895258,-0.25449603916171637,-0.25149342403705216],[-0.23234708641612714,-0.23424649041980014,-0.23557160278406827,-0.2361650857359294,-0.23583337035212543,-0.2343387251235675,-0.23138990211524324,-0.2266313617755572,-0.21963130644832984,-0.20986917428899995,-0.19672397509524966,-0.17946605038516633,-0.15725671863539656,-0.12916303425126938,-0.09419863891999732,-0.051406105566046766,1.0041780184111815e-15,0.060409975246447804,0.12950575352651142,0.20587487625263645,0.2866215970469817,0.3671194241327425,0.4411148267833328,0.5013822155159114,0.5409726514075452,0.554794969306372,0.5409726514075447,0.5013822155159106,0.4411148267833315,0.3671194241327412,0.28662159704698026,0.20587487625263515,0.1295057535265101,0.060409975246446666,0.0,-0.051406105566047605,-0.09419863891999804,-0.12916303425126993,-0.1572567186353971,-0.1794660503851666,-0.19672397509524994,-0.2098691742890002,-0.21963130644832993,-0.22663136177555732,-0.23138990211524332,-0.2343387251235676,-0.23583337035212534,-0.23616508573592934,-0.2355716027840683,-0.2342464904198001],[-0.2158828732211273,-0.2162943568937188,-0.21597704263185932,-0.2147600213404777,-0.21243698270521783,-0.20875953077686693,-0.20342970270881297,-0.19609193371629305,-0.1863250037241485,-0.1736349766297641,-0.15745088441558286,-0.13712601350836423,-0.11194920997062378,-0.08117265537754803,-0.04406490268664268,8.384002233840292e-16,0.05140610556604859,0.11010452491105426,0.17537214195964182,0.24554804630193183,0.3178117846896182,0.38810794943082966,0.451342983799454,0.5019465853385873,0.5347753985511897,0.546162667880825,0.5347753985511895,0.5019465853385864,0.4513429837994529,0.38810794943082827,0.3178117846896169,0.24554804630193064,0.17537214195964063,0.11010452491105316,0.051406105566047605,0.0,-0.0440649026866434,-0.0811726553775486,-0.11194920997062431,-0.1371260135083646,-0.1574508844155832,-0.17363497662976435,-0.18632500372414867,-0.1960919337162932,-0.20342970270881308,-0.20875953077686704,-0.21243698270521783,-0.21476002134047772,-0.21597704263185935,-0.21629435689371876],[-0.19895165449095037,-0.19792639491292655,-0.19604030764232752,-0.1931151143792056,-0.18893943857151432,-0.1832636201548348,-0.17579433401092437,-0.16618943559422036,-0.15405376841138751,-0.1389371312169837,-0.12033626450497045,-0.09770361367929459,-0.0704667582940971,-0.03806366238489145,7.341956641980378e-16,0.04406490268664422,0.09419863891999898,0.15004326467619472,0.21064117904542382,0.2742682370453148,0.3383251116468289,0.3993567250087563,0.4532701373427866,0.4957863841158034,0.5230851261877907,0.5325037021446665,0.5230851261877902,0.49578638411580284,0.45327013734278576,0.39935672500875535,0.3383251116468279,0.2742682370453137,0.21064117904542268,0.15004326467619372,0.09419863891999804,0.0440649026866434,0.0,-0.03806366238489208,-0.07046675829409761,-0.097703613679295,-0.12033626450497083,-0.13893713121698403,-0.15405376841138776,-0.16618943559422053,-0.17579433401092456,-0.1832636201548349,-0.1889394385715144,-0.19311511437920556,-0.19604030764232758,-0.19792639491292655],[-0.18178974171580395,-0.17940687156976462,-0.17605609810330933,-0.17155766386020885,-0.16570215450449938,-0.1582469046318121,-0.14891272630723884,-0.13738149269236194,-0.12329540202652697,-0.1062591501790156,-0.08584676782534688,-0.06161552292945968,-0.0331299912015513,6.250264212866533e-16,0.0380636623848928,0.0811726553775494,0.12916303425127085,0.18148040993223907,0.23706165920364738,0.2942382390923304,0.35069828528602975,0.4035513296636739,0.4495321552629516,0.4853517471702887,0.5081544976612868,0.5159872052222003,0.5081544976612868,0.4853517471702883,0.4495321552629507,0.403551329663673,0.35069828528602887,0.29423823909232927,0.23706165920364647,0.1814804099322381,0.12916303425126993,0.0811726553775486,0.03806366238489208,0.0,-0.033129991201551835,-0.06161552292946011,-0.08584676782534725,-0.10625915017901594,-0.12329540202652733,-0.13738149269236216,-0.1489127263072391,-0.1582469046318123,-0.1657021545044994,-0.17155766386020888,-0.17605609810330933,-0.17940687156976468],[-0.16461013531317126,-0.16097017322280507,-0.1562810178527181,-0.1503666546587685,-0.1430256159760414,-0.13402893067183852,-0.12311880018263924,-0.11000857420862913,-0.0943848487394708,-0.075912825601836,-0.054246448117636833,-0.0290452260402948,5.374463928451319e-16,0.03312999120155245,0.0704667582940983,0.11194920997062507,0.15725671863539786,0.20572692566187925,0.25628031459526984,0.3073712235216902,0.3569907615405369,0.402747710446626,0.44204452489870816,0.47234451723874443,0.49149608443932025,0.49805050599444467,0.4914960844393201,0.47234451723874404,0.44204452489870755,0.4027477104466252,0.35699076154053616,0.3073712235216895,0.256280314595269,0.20572692566187842,0.1572567186353971,0.11194920997062431,0.07046675829409761,0.033129991201551835,0.0,-0.029045226040295268,-0.05424644811763727,-0.07591282560183639,-0.09438484873947112,-0.1100085742086293,-0.12311880018263943,-0.13402893067183871,-0.1430256159760415,-0.15036665465876858,-0.15628101785271825,-0.16097017322280513],[-0.1475997236828748,-0.14281819242472307,-0.136931422443115,-0.12977147510201872,-0.1211495